camera_matrix:
- - 400.37185476685323
  - 0.0
  - 323.02976691764025
- - 0.0
  - 399.7479701476856
  - 243.22482863402286
- - 0.0
  - 0.0
  - 1.0
checkerboard:
  height: 6
  square_size: 0.026
  width: 8
distortion_coefficients:
- - -0.3895800584552112
  - 0.21713650492989825
  - 0.005072372650389019
  - 0.0024313438897857883
  - -0.07498275617707781
image_size:
- 640
- 480
num_images: 58
reprojection_error: 0.33826952748482697
