camera_matrix:
- - 369.1633727771835
  - 0.0
  - 345.1973942938306
- - 0.0
  - 493.45577351417097
  - 231.51904512225772
- - 0.0
  - 0.0
  - 1.0
checkerboard:
  height: 6
  square_size: 0.026
  width: 8
distortion_coefficients:
- - -0.30220482376011804
  - 0.019307376851971085
  - 0.0030008379922126086
  - -0.010451536743098842
  - 0.07872509994409757
image_size:
- 640
- 480
num_images: 34
reprojection_error: 0.3214033950443613
