camera_matrix:
- - 979.8900234478187
  - 0.0
  - 626.3329877725616
- - 0.0
  - 982.5809855193249
  - 356.1228519164541
- - 0.0
  - 0.0
  - 1.0
checkerboard:
  height: 6
  square_size: 0.026
  width: 8
distortion_coefficients:
- - -0.0021450370283501896
  - 0.2659177554968737
  - -0.005106397562466654
  - -0.008908117000715882
  - -0.5089833531836537
image_size:
- 1280
- 720
num_images: 34
reprojection_error: 0.0817145134058286