translation:
  x: 0.01
  y: 0.08
  z: -0.2
rotation_euler:
  roll: 0.0
  pitch: -0.18
  yaw: -3.14
rotation_degrees:
  roll: 0.0
  pitch: -10.313240312354817
  yaw: -179.90877467107848
