camera_matrix:
- - 389.5006244693871
  - 0.0
  - 321.62417114074253
- - 0.0
  - 520.1158066648212
  - 218.02773422403575
- - 0.0
  - 0.0
  - 1.0
checkerboard:
  height: 6
  square_size: 0.026
  width: 8
distortion_coefficients:
- - -0.35398694620325893
  - 0.11396170204859898
  - 0.003004240561829498
  - -0.005639796351533298
  - -0.0008147370406738474
image_size:
- 640
- 480
num_images: 22
reprojection_error: 0.2690665619007828
